1000
949
495
527
299
307
563
971
399
75
539
891
63
503
773
355
715
325
359
357
173
337
667
553
397
39
531
909
97
465
657
427
973
55
653
383
135
667
663
861
989
557
887
237
81
143
367
577
27
33
769
87
815
903
461
835
253
959
787
353
179
537
759
151
353
819
739
351
21
561
293
667
487
255
507
397
557
283
739
535
45
479
21
689
243
597
235
353
439
655
989
411
609
479
45
371
841
827
757
291
761
141
743
565
331
51
845
303
503
369
651
537
421
887
615
43
381
563
413
23
129
395
631
337
529
281
53
951
107
519
743
799
661
97
667
165
307
893
335
485
659
229
711
59
873
59
985
151
563
179
933
219
415
649
899
661
99
859
917
947
41
231
445
105
589
803
903
761
415
435
805
101
933
649
795
207
827
191
625
553
761
617
199
895
147
475
615
509
381
281
241
541
327
819
313
817
295
771
303
937
725
711
917
97
593
179
207
619
479
791
565
629
17
747
297
23
995
407
99
571
259
37
395
9
715
859
259
397
391
473
345
839
57
687
417
687
635
439
163
355
665
885
741
175
31
169
523
153
979
911
321
709
475
21
265
235
983
151
59
339
847
791
487
233
431
317
207
259
39
777
219
619
239
881
903
941
297
507
341
663
391
953
735
879
421
765
495
533
15
727
423
819
709
753
669
33
761
71
545
559
889
443
93
695
131
219
863
287
243
275
71
869
835
871
453
139
7
687
479
127
279
529
237
741
267
861
959
35
639
159
445
777
149
323
813
475
217
811
49
635
479
615
297
25
105
399
471
111
869
385
447
697
405
411
77
123
709
491
209
291
385
153
899
515
447
373
111
169
373
465
639
311
979
263
541
195
959
67
149
685
101
295
787
825
297
485
45
199
443
435
471
375
67
363
157
659
827
931
165
343
541
901
273
35
689
523
679
509
905
343
137
987
263
883
285
979
477
421
655
65
11
871
407
177
653
521
105
587
813
739
917
25
531
631
905
823
959
451
717
21
523
961
977
715
401
61
771
347
815
399
731
603
669
859
561
455
799
389
815
673
985
73
65
387
987
799
297
773
927
7
815
867
935
373
437
467
905
853
809
291
135
503
211
521
341
485
621
811
255
595
627
457
67
329
303
233
315
781
119
735
503
555
725
89
355
99
791
103
591
687
529
963
711
913
889
31
437
469
173
721
177
873
661
213
433
117
771
189
149
247
857
221
9
831
895
973
835
197
93
89
715
737
513
875
691
753
117
369
963
867
181
781
759
633
799
827
643
195
159
599
781
465
143
369
793
123
597
817
779
937
265
927
925
831
411
977
847
491
391
19
545
737
521
117
601
473
207
237
479
453
649
551
327
591
543
751
719
337
729
953
509
457
449
811
173
605
357
617
897
755
85
699
853
675
845
27
55
795
717
641
457
851
549
739
809
711
523
459
745
149
975
859
417
243
615
755
859
111
515
741
747
861
739
729
609
221
359
245
855
469
59
489
517
509
117
447
533
297
411
25
241
475
251
201
375
927
479
683
877
583
791
29
113
59
949
581
43
325
599
595
155
441
383
347
857
599
735
815
335
939
145
495
71
695
643
503
675
353
111
261
489
827
263
161
889
453
175
975
565
77
325
271
267
827
763
555
901
505
263
965
283
769
47
541
367
447
935
889
205
971
505
565
495
637
407
423
195
141
821
175
293
169
595
759
615
433
405
523
239
755
911
215
255
669
605
537
143
101
911
133
21
49
577
371
199
963
233
835
951
999
809
21
383
813
901
387
309
815
463
881
411
475
541
507
893
919
155
889
553
477
989
397
353
809
77
653
529
865
131
809
25
869
563
569
67
15
95
837
727
327
301
623
239
643
723
129
121
577
207
845
163
699
597
999
85
967
31
61
85
715
519
877
169
991
595
109
667
831
773
913
53
845
277
763
107
385
727
413
855
463
445
237
479
437
699
165
437
283
925
403
181
435
669
257
815
581
175
37
135
309
477
125
335
183
41
809
565
9
653
455
733
117
905
363
899
315
915
347
99
543
521
419
755
655
611
477
685
15
13
533
235
35
39
187
139
151
653
395
883
847
569
17
589
837
407
475
883
805
771
317
773
769
647
899
919
691
899
593
9
269
461
785
813
957
939
705
205
643
487
53
133
69
509
493
939
599
139
271
79
805
875
545
191
507
285
295
481
177
893
979
803
245
501
13
719
505
75
31
823
845
633
255
81
161
317
817
637
925
873
927
193
465
563
761
53
251
589
993
505
97
311
55
835
93
839
221
407
167
811
365
209
